1787169470
1787169505
1787169546
1787169639
1787169669
1787169703
1787169897
1787169934
1787170076
1787170106
1787170284
1787170339
1787170378
1787170408
1787170440
1787170472
1787170503
1787170536
1787170582
1787170623
1787171462
1787173708
1787173743
1787173774
1787173809
1787173841
1787213233
1787213297
1787213328
1787214153
1787214190
1787214226
1787214256
1787214287
1787214326
1787214359
1787214393
1787214428
1787225415
1787225448
1787229964
1787313428
1787313675
1787313717
1787313747
1787313782
1787313812
1787313849
1787313991
1787326389
