1787774213
1787774253
1787774293
1787774343
1787774485
1787774717
1787774749
1787774782
1787774814
1787774950
1787775000
1787775046
1787775088
1787775142
1787775186
1787803729
1787803760
1787803800
1787803839
1787803870
1787803980
1787804019
1787804053
1787938030
1787938118
1787938176
1787938224
1787938270
1788015391
1788015443
1788015916
1788015948
1788015992
1788016032
1788016082
1788016118
1788016156
1788016670
1788016714
1788016750
1788016787
1788017609
1788017695
1788017727
1788017839
1788017870
1788017988
1788018035
1788018091
1788018250
1788018290
1788018329
1788018380
1788018420
1788018464
1788018714
1788018818
1788020944
1788020986
1788021419
1788021456
1788021495
1788021776
1788021838
1788022082
1788022124
1788022155
1788211058
1788211088
1788211119
1788211152
1788211184
1788211227
1788211267
1788211340
1788211686
1788213194
1788213382
1788213426
1788213458
1788213492
1788213522
1788213632
1788214543
1788214580
1788215060
1788215096
1788215358
1788215400
1788215719
1788215757
1788215974
1788216008
1788216089
1788216128
1788216163
1788216198
1788216232
1788216267
1788216299
1788216342
1788216384
1788216444
1788216528
1788216559
1788216601
1788216756
1788216924
1788216965
1788216997
1788217062
1788217104
1788217306
1788217338
1788217703
1788217769
1788217980
1788218035
1788218402
1788218435
1788218517
1788218549
1788218607
1788218648
1788218686
1788218720
