1788219303
1788219341
1788219378
1788219410
1788219442
1788219521
1788219830
1788219974
1788220120
1788220185
1788220239
1788220273
1788220326
1788220366
1788220464
1788220499
1788220537
1788220573
1788220603
1788220646
1788220680
1788220790
1788245538
1788245583
1788245637
1788245698
1788245739
1788245805
1788247885
1788247939
1788248001
1788248034
1788248072
1788248576
1788248619
1788248661
1788249028
1788249061
1788249248
1788249299
1788249333
1788249368
1788249403
1788249453
1788249597
1788249629
1788249796
1788249840
1788252363
1788252417
1788252450
1788252482
1788252530
1788252579
1788252613
1788252801
1788252880
1788256662
1788264746
1788264779
1788264856
1788264902
1788264945
